lr:
  AE: 0.00001
  G: 0.000005
  D: 0.000001
  
